%YAML:1.0
---
M1: !!opencv-matrix
   rows: 3
   cols: 3
   dt: d
   data: [ 8.3216441850898354e+03, 0., 8.5910025256079746e+02, 0.,
       8.3226446029479794e+03, 6.2094729502070970e+02, 0., 0., 1. ]
D1: !!opencv-matrix
   rows: 1
   cols: 5
   dt: d
   data: [ 3.0651239240753258e-02, -5.5002385855518554e+00,
       -7.5914701431790913e-03, 1.1610695196260163e-02,
       -2.1671734441928150e-01 ]
S: !!opencv-matrix
   rows: 2
   cols: 1
   dt: d
   data: [ 1624., 1240. ]
M2: !!opencv-matrix
   rows: 3
   cols: 3
   dt: d
   data: [ 9.4318144327545888e+03, 0., 9.3737206195200395e+02, 0.,
       9.3033593223973730e+03, 5.4751676692305398e+02, 0., 0., 1. ]
D2: !!opencv-matrix
   rows: 1
   cols: 5
   dt: d
   data: [ 1.1131768684644343e-01, -1.8348491814468211e+01,
       2.7071041846956048e-03, -9.2588718312042895e-03,
       -1.0141407300393566e-01 ]
R1: !!opencv-matrix
   rows: 3
   cols: 3
   dt: d
   data: [ 9.9465923564456493e-01, -3.8026830452302235e-02,
       9.5952931756783488e-02, 3.8373092008801811e-02,
       9.9926192236589151e-01, -1.7653099748256925e-03,
       -9.5814981900818191e-02, 5.4378925490531811e-03,
       9.9538430697292535e-01 ]
P1: !!opencv-matrix
   rows: 3
   cols: 4
   dt: d
   data: [ 8.8130019626726753e+03, 0., 3.7762106895446777e+01, 0., 0.,
       8.8130019626726753e+03, 7.0705427551269531e+02, 0., 0., 0., 1.,
       0. ]
R2: !!opencv-matrix
   rows: 3
   cols: 3
   dt: d
   data: [ 8.8099183367265355e-01, -3.3092301939403483e-02,
       -4.7197276251331177e-01, 3.4847225016631574e-02,
       9.9938001793688191e-01, -5.0250031958169634e-03,
       4.7184643678927568e-01, -1.2019954277328857e-02,
       8.8159880943002356e-01 ]
P2: !!opencv-matrix
   rows: 3
   cols: 4
   dt: d
   data: [ 8.8130019626726753e+03, 0., 5.8799299316406250e+03,
       -1.3284226328950168e+06, 0., 8.8130019626726753e+03,
       7.0705427551269531e+02, 0., 0., 0., 1., 0. ]
Q: !!opencv-matrix
   rows: 4
   cols: 4
   dt: d
   data: [ 1., 0., 0., -3.7762106895446777e+01, 0., 1., 0.,
       -7.0705427551269531e+02, 0., 0., 0., 8.8130019626726753e+03, 0.,
       0., 6.6341853446644445e-03, 3.8758024163994619e+01 ]
Rlr: !!opencv-matrix
   rows: 3
   cols: 3
   dt: d
   data: [ 8.3241390186082964e-01, 3.8860281932169005e-03,
       5.5414077162189634e-01, 6.5854293288146841e-03,
       9.9983543003298903e-01, -1.6903992762157153e-02,
       -5.5411526608584272e-01, 1.7720373461905293e-02,
       8.3225132036842475e-01 ]
Tlr: !!opencv-matrix
   rows: 3
   cols: 1
   dt: d
   data: [ -1.3279578243637596e+02, 4.9881485397477006e+00,
       7.1142534914689563e+01 ]
E: !!opencv-matrix
   rows: 3
   cols: 3
   dt: d
   data: [ -3.2325133913314241e+00, -7.1042435135057787e+01,
       5.3539861036782783e+00, -1.4364135243203094e+01,
       2.6296527553539066e+00, 1.4994244446479576e+02,
       -5.0267214294321878e+00, -1.3279331232469860e+02,
       -5.1935753563093101e-01 ]
F: !!opencv-matrix
   rows: 3
   cols: 3
   dt: d
   data: [ 4.8510399294790049e-07, 1.0660072266776316e-05,
       -1.3722319641060843e-02, 2.1853925326416087e-06,
       -4.0003331942196517e-07, -1.9146731147107388e-01,
       5.4637327410909011e-03, 1.7816420753624693e-01, 1. ]
epilines31: !!opencv-matrix
   rows: 0
   cols: 0
   dt: u
   data: []
epilines32: !!opencv-matrix
   rows: 0
   cols: 0
   dt: u
   data: []
epilines12: !!opencv-matrix
   rows: 0
   cols: 0
   dt: u
   data: []
