%YAML:1.0
---
M1: !!opencv-matrix
   rows: 3
   cols: 3
   dt: d
   data: [ 1.7530279712582255e+03, 0., 6.3920545111405750e+02, 0.,
       1.7530710502741013e+03, 5.1146852562070677e+02, 0., 0., 1. ]
D1: !!opencv-matrix
   rows: 1
   cols: 5
   dt: d
   data: [ 6.2605679517616206e-04, -3.0665051433404370e-02,
       -7.0304655714944632e-05, -1.2416260833037932e-04,
       1.5137402885932413e-01 ]
S: !!opencv-matrix
   rows: 2
   cols: 1
   dt: d
   data: [ 1280., 1024. ]
M2: !!opencv-matrix
   rows: 3
   cols: 3
   dt: d
   data: [ 1.7647370952727294e+03, 0., 6.3588564369774349e+02, 0.,
       1.7650942572782662e+03, 5.1142720988843496e+02, 0., 0., 1. ]
D2: !!opencv-matrix
   rows: 1
   cols: 5
   dt: d
   data: [ -1.2949996088563149e-04, -6.2087432947742069e-03,
       -8.0474451622499722e-05, 6.1769783622975778e-05,
       -3.1868691085941821e-04 ]
R1: !!opencv-matrix
   rows: 3
   cols: 3
   dt: d
   data: [ 9.8828056353478455e-01, -1.6843908224344100e-04,
       1.5264828648774334e-01, 1.6873302284510966e-04,
       9.9999998570376725e-01, 1.1028705069933261e-05,
       -1.5264828616311285e-01, 1.4857351949630659e-05,
       9.8828057782733125e-01 ]
P1: !!opencv-matrix
   rows: 3
   cols: 4
   dt: d
   data: [ 1.7590826537761836e+03, 0., 3.4993888092041016e+02, 0., 0.,
       1.7590826537761836e+03, 5.2573482894897461e+02, 0., 0., 0., 1.,
       0. ]
R2: !!opencv-matrix
   rows: 3
   cols: 3
   dt: d
   data: [ 9.8071937061257708e-01, -1.8230544495351637e-04,
       -1.9542129584565585e-01, 1.8268246712737176e-04,
       9.9999998318404149e-01, -1.6094498253920296e-05,
       1.9542129549357412e-01, -1.9915858256402486e-05,
       9.8071938742484943e-01 ]
P2: !!opencv-matrix
   rows: 3
   cols: 4
   dt: d
   data: [ 1.7590826537761836e+03, 0., 1.0599595947265625e+03,
       -3.5183932054920029e+05, 0., 1.7590826537761836e+03,
       5.2573482894897461e+02, 0., 0., 0., 1., 0. ]
Q: !!opencv-matrix
   rows: 4
   cols: 4
   dt: d
   data: [ 1., 0., 0., -3.4993888092041016e+02, 0., 1., 0.,
       -5.2573482894897461e+02, 0., 0., 0., 1.7590826537761836e+03, 0.,
       0., 4.9996761334985531e-03, 3.5498736171062264e+00 ]
Rlr: !!opencv-matrix
   rows: 3
   cols: 3
   dt: d
   data: [ 9.3939519724617260e-01, 2.0394436756953942e-05,
       3.4283620429425404e-01, -8.3957862361113626e-06,
       9.9999999929927397e-01, -3.6482364810629548e-05,
       -3.4283620479805704e-01, 3.1392978802033809e-05,
       9.3939519675914118e-01 ]
Tlr: !!opencv-matrix
   rows: 3
   cols: 1
   dt: d
   data: [ -1.9615657983156441e+02, 3.6463450848762076e-02,
       3.9086790949579587e+01 ]
E: !!opencv-matrix
   rows: 3
   cols: 3
   dt: d
   data: [ -1.2172826761361839e-02, -3.9086789777494111e+01,
       3.5679569151289503e-02, -3.0531633681820416e+01,
       6.9550924385852345e-03, 1.9766891595366951e+02,
       -3.2606701889276439e-02, -1.9615658043776395e+02,
       -5.3447351790391739e-03 ]
F: !!opencv-matrix
   rows: 3
   cols: 3
   dt: d
   data: [ 5.3274743095917741e-10, 1.7106030952397386e-06,
       -8.7799757878075123e-04, 1.3359557657413873e-06,
       -3.0432264491098858e-10, -1.6016240370213687e-02,
       -6.8106454206230520e-04, 1.4062041910671124e-02, 1. ]
epilines31: !!opencv-matrix
   rows: 0
   cols: 0
   dt: u
   data: []
epilines32: !!opencv-matrix
   rows: 0
   cols: 0
   dt: u
   data: []
epilines12: !!opencv-matrix
   rows: 0
   cols: 0
   dt: u
   data: []
