%YAML:1.0
---
M1: !!opencv-matrix
   rows: 3
   cols: 3
   dt: d
   data: [ 1.7541123627841946e+03, 0., 6.4538474154275900e+02, 0.,
       1.7529027557721547e+03, 5.2949022809895587e+02, 0., 0., 1. ]
D1: !!opencv-matrix
   rows: 1
   cols: 5
   dt: d
   data: [ -7.1168430051385817e-02, -1.8504732992084422e-01,
       2.3178169769376712e-04, 5.5407654763752953e-04,
       1.8431788041215542e+00 ]
S: !!opencv-matrix
   rows: 2
   cols: 1
   dt: d
   data: [ 1280., 1024. ]
M4: !!opencv-matrix
   rows: 3
   cols: 3
   dt: d
   data: [ 2.4966331464214777e+03, 0., 9.9032167330402626e+02, 0.,
       2.4958149904072193e+03, 5.4700959472428224e+02, 0., 0., 1. ]
D4: !!opencv-matrix
   rows: 1
   cols: 5
   dt: d
   data: [ -4.2496386209949652e-02, -6.5992696789578686e-01,
       -6.8873531127175988e-04, 1.0583521629718045e-03,
       3.4566274542907882e+00 ]
Rlp: !!opencv-matrix
   rows: 3
   cols: 3
   dt: d
   data: [ 9.9592406128807542e-01, -9.6302285710377269e-03,
       8.9680113989308669e-02, 1.0052906594322801e-02,
       9.9994038256107221e-01, -4.2626743509623565e-03,
       -8.9633716962266213e-02, 5.1468457608616841e-03,
       9.9596149863448147e-01 ]
Tlp: !!opencv-matrix
   rows: 3
   cols: 1
   dt: d
   data: [ -1.0818012009065924e+02, -5.1567303113233223e+00,
       -1.5731733622707548e+01 ]